0.18915 1
0.18835 2
0.19135 3
0.1891 4
0.1911 5
0.1941 6
0.19415 7
0.1952 8
0.1892 9
0.19825 10
0.1936 11
0.1927 12
0.19375 13
0.19285 14
0.1825 15
0.18785 16
0.186 17
0.1933 18
0.19085 19
0.20165 20
0.19515 21
0.1924 22
0.19315 23
0.19345 24
0.19895 25
0.1874 26
0.1872 27
0.19295 28
0.19265 29
0.1895 30
0.19255 31
0.18725 32
0.19115 33
0.19105 34
0.1955 35
0.18815 36
0.18885 37
0.18355 38
0.1879 39
0.18605 40
0.18505 41
0.1879 42
0.18715 43
0.19265 44
0.18975 45
0.18595 46
0.1827 47
0.19155 48
0.1979 49
0.18455 50
0.1968 51
0.18485 52
0.1954 53
0.19055 54
0.19625 55
0.1941 56
0.1862 57
0.1918 58
0.1961 59
0.19555 60
0.1875 61
0.1871 62
0.19245 63
0.19255 64
0.1934 65
0.19075 66
0.1915 67
0.1924 68
0.1912 69
0.1916 70
0.18845 71
0.18495 72
0.19335 73
0.19375 74
0.1936 75
0.1909 76
0.19585 77
0.19455 78
0.1934 79
0.19605 80
0.19265 81
0.18935 82
0.185 83
0.1931 84
0.1943 85
0.1908 86
0.18735 87
0.1917 88
0.188 89
0.19645 90
0.18675 91
0.1915 92
0.19085 93
0.1931 94
0.18725 95
0.19615 96
0.189 97
0.19005 98
0.193 99
0.1882 100
0.1956 101
0.1868 102
0.1942 103
0.19705 104
0.193 105
0.1872 106
0.1938 107
0.18815 108
0.1924 109
0.19015 110
0.19185 111
0.18595 112
0.19005 113
0.19275 114
0.18775 115
0.18815 116
0.1932 117
0.18955 118
0.18885 119
0.18955 120
0.1897 121
0.186 122
0.19235 123
0.1921 124
0.1874 125
0.18985 126
0.1896 127
0.1898 128
0.192 129
0.1894 130
0.1945 131
0.1879 132
0.1885 133
0.1878 134
0.1903 135
0.1981 136
0.2022 137
0.1875 138
0.1888 139
0.18885 140
0.1889 141
0.19155 142
0.2012 143
0.1891 144
0.18835 145
0.1863 146
0.18815 147
0.19385 148
0.19445 149
0.1979 150
0.186 151
0.18835 152
0.18735 153
0.1863 154
0.19205 155
0.1854 156
0.1907 157
0.19655 158
0.18715 159
0.18935 160
0.18965 161
0.18915 162
0.1882 163
0.18395 164
0.19285 165
0.18855 166
0.19005 167
0.20035 168
0.18535 169
0.18585 170
0.1925 171
0.18695 172
0.1914 173
0.1963 174
0.1927 175
0.1915 176
0.1932 177
0.192 178
0.1865 179
0.18795 180
0.1954 181
0.1882 182
0.2012 183
0.19215 184
0.189 185
0.19055 186
0.1927 187
0.18985 188
0.189 189
0.18515 190
0.194 191
0.1939 192
0.1943 193
0.1923 194
0.1958 195
0.19145 196
0.18535 197
0.19915 198
0.1956 199
0.18825 200
0.1969 201
0.19145 202
0.19315 203
0.1938 204
0.1865 205
0.1922 206
0.18695 207
0.19755 208
0.18965 209
0.195 210
0.1931 211
0.18665 212
0.19665 213
0.1859 214
0.1852 215
0.1897 216
0.1925 217
0.19165 218
0.18915 219
0.19125 220
0.19395 221
0.1976 222
0.18705 223
0.1937 224
0.19635 225
0.18805 226
0.18505 227
0.1914 228
0.19235 229
0.1877 230
0.19335 231
0.188 232
0.19035 233
0.19095 234
0.19255 235
0.1967 236
0.18265 237
0.18705 238
0.19015 239
0.19245 240
0.1946 241
0.19115 242
0.19715 243
0.1918 244
0.19285 245
0.1896 246
0.18495 247
0.19335 248
0.18375 249
0.189 250
0.19165 251
0.1922 252
0.1983 253
0.19685 254
0.1901 255
0.1943 256
0.1906 257
0.1893 258
0.19275 259
0.18955 260
0.18965 261
0.19 262
0.1935 263
0.1905 264
0.1919 265
0.19325 266
0.1947 267
0.1897 268
0.18965 269
0.19285 270
0.18905 271
0.18715 272
0.1914 273
0.1905 274
0.18965 275
0.18925 276
0.19535 277
0.19385 278
0.19005 279
0.187 280
0.18655 281
0.1947 282
0.19785 283
0.1937 284
0.18765 285
0.19115 286
0.18865 287
0.1866 288
0.18765 289
0.19485 290
0.1904 291
0.19025 292
0.18835 293
0.1855 294
0.1927 295
0.19025 296
0.20445 297
0.1856 298
0.1953 299
0.19075 300
0.1898 301
0.19145 302
0.1862 303
0.194 304
0.1914 305
0.1882 306
0.1923 307
0.1922 308
0.19095 309
0.194 310
0.1917 311
0.19325 312
0.18955 313
0.196 314
0.18875 315
0.18835 316
0.19405 317
0.18975 318
0.1924 319
0.18825 320
0.1844 321
0.1928 322
0.1935 323
0.18925 324
0.1916 325
0.187 326
0.1888 327
0.19225 328
0.19635 329
0.18995 330
0.1905 331
0.19365 332
0.1924 333
0.1994 334
0.1965 335
0.18575 336
0.193 337
0.19215 338
0.1917 339
0.19395 340
0.1899 341
0.19015 342
0.1934 343
0.18425 344
0.1997 345
0.1848 346
0.19865 347
0.18585 348
0.188 349
0.18945 350
0.19545 351
0.19305 352
0.1835 353
0.19225 354
0.18625 355
0.18715 356
0.1844 357
0.19 358
0.1943 359
0.1901 360
0.1963 361
0.19075 362
0.19245 363
0.1909 364
0.18485 365
0.18685 366
0.1895 367
0.193 368
0.1951 369
0.1914 370
0.1967 371
0.19465 372
0.1901 373
0.18855 374
0.1884 375
0.1917 376
0.1901 377
0.19345 378
0.19335 379
0.1874 380
0.18745 381
0.1838 382
0.1796 383
0.1927 384
0.19025 385
0.1947 386
0.1899 387
0.19055 388
0.1835 389
0.1873 390
0.1822 391
0.18475 392
0.1965 393
0.19335 394
0.1897 395
0.18885 396
0.1859 397
0.1847 398
0.1879 399
0.19165 400
0.1897 401
0.1906 402
0.19475 403
0.18995 404
0.19585 405
0.1876 406
0.19505 407
0.19575 408
0.1879 409
0.18875 410
0.19625 411
0.18845 412
0.18615 413
0.19265 414
0.19225 415
0.19455 416
0.19235 417
0.19295 418
0.18945 419
0.1923 420
0.2002 421
0.18435 422
0.1957 423
0.18995 424
0.1928 425
0.18975 426
0.18515 427
0.18905 428
0.19085 429
0.1897 430
0.1933 431
0.18515 432
0.18995 433
0.19435 434
0.1921 435
0.19525 436
0.19455 437
0.18845 438
0.18945 439
0.1913 440
0.19965 441
0.19485 442
0.18825 443
0.19765 444
0.18455 445
0.189 446
0.1932 447
0.1886 448
0.19 449
0.1917 450
0.18555 451
0.19225 452
0.1909 453
0.18665 454
0.1932 455
0.1803 456
0.19295 457
0.1926 458
0.1845 459
0.1966 460
0.188 461
0.18865 462
0.1931 463
0.18395 464
0.18915 465
0.1941 466
0.1891 467
0.195 468
0.19255 469
0.1881 470
0.1893 471
0.1851 472
0.18785 473
0.1853 474
0.1936 475
0.19555 476
0.1854 477
0.19475 478
0.1865 479
0.1893 480
0.1898 481
0.1907 482
0.19245 483
0.1933 484
0.19615 485
0.1907 486
0.1864 487
0.19245 488
0.1898 489
0.1963 490
0.19305 491
0.18685 492
0.18645 493
0.1953 494
0.19285 495
0.18615 496
0.1909 497
0.1893 498
0.19175 499
0.1958 500
