0.2033 1
0.20595 2
0.205 3
0.20675 4
0.20645 5
0.203 6
0.2042 7
0.20725 8
0.20575 9
0.2065 10
0.20725 11
0.2054 12
0.2047 13
0.20345 14
0.2055 15
0.2035 16
0.2065 17
0.20385 18
0.2044 19
0.2023 20
0.20275 21
0.2049 22
0.20695 23
0.2044 24
0.2032 25
0.20395 26
0.2027 27
0.20715 28
0.2041 29
0.20665 30
0.2067 31
0.20745 32
0.2031 33
0.20625 34
0.20795 35
0.20425 36
0.2042 37
0.20295 38
0.2061 39
0.2055 40
0.2023 41
0.20465 42
0.203 43
0.2089 44
0.2042 45
0.20235 46
0.20435 47
0.2078 48
0.2037 49
0.204 50
0.2072 51
0.20405 52
0.204 53
0.2034 54
0.20365 55
0.20595 56
0.20195 57
0.2043 58
0.2051 59
0.20465 60
0.20435 61
0.2054 62
0.2056 63
0.2056 64
0.2054 65
0.2046 66
0.20475 67
0.2064 68
0.2044 69
0.20405 70
0.20835 71
0.2031 72
0.2025 73
0.2046 74
0.20325 75
0.2012 76
0.20315 77
0.20575 78
0.2068 79
0.2041 80
0.20805 81
0.2061 82
0.2042 83
0.2051 84
0.20215 85
0.20335 86
0.2043 87
0.2045 88
0.202 89
0.2019 90
0.20465 91
0.20835 92
0.20425 93
0.2044 94
0.20645 95
0.2027 96
0.20445 97
0.2074 98
0.20335 99
0.20535 100
0.2058 101
0.20635 102
0.20265 103
0.2046 104
0.2054 105
0.2015 106
0.2026 107
0.20435 108
0.20765 109
0.2017 110
0.20695 111
0.20595 112
0.2035 113
0.20445 114
0.2044 115
0.20335 116
0.20605 117
0.20745 118
0.20785 119
0.20375 120
0.2032 121
0.205 122
0.20355 123
0.2052 124
0.20555 125
0.2058 126
0.2037 127
0.20705 128
0.20335 129
0.20575 130
0.20535 131
0.20335 132
0.20465 133
0.20575 134
0.20475 135
0.2037 136
0.20375 137
0.20255 138
0.2033 139
0.20325 140
0.20435 141
0.20735 142
0.20525 143
0.2057 144
0.2024 145
0.2056 146
0.2064 147
0.2047 148
0.2086 149
0.2017 150
0.20595 151
0.2041 152
0.20865 153
0.20655 154
0.2048 155
0.2062 156
0.2043 157
0.20575 158
0.2048 159
0.2034 160
0.20455 161
0.2045 162
0.20535 163
0.2082 164
0.20455 165
0.20455 166
0.20315 167
0.20455 168
0.205 169
0.20445 170
0.20545 171
0.20275 172
0.2037 173
0.20345 174
0.2027 175
0.2056 176
0.20335 177
0.20535 178
0.2037 179
0.20465 180
0.20435 181
0.2037 182
0.20475 183
0.2037 184
0.20675 185
0.2022 186
0.2026 187
0.2022 188
0.20625 189
0.20575 190
0.2047 191
0.203 192
0.2058 193
0.20705 194
0.20435 195
0.20895 196
0.2061 197
0.2069 198
0.2051 199
0.2053 200
0.2037 201
0.20445 202
0.2057 203
0.2052 204
0.20455 205
0.2082 206
0.203 207
0.2041 208
0.2065 209
0.2067 210
0.20385 211
0.2059 212
0.20265 213
0.20585 214
0.2055 215
0.20535 216
0.2039 217
0.20535 218
0.2044 219
0.20625 220
0.2037 221
0.20275 222
0.20695 223
0.20445 224
0.2051 225
0.2049 226
0.20305 227
0.20535 228
0.2035 229
0.2085 230
0.2087 231
0.20445 232
0.20265 233
0.2048 234
0.2035 235
0.20475 236
0.20725 237
0.2022 238
0.2038 239
0.2067 240
0.20485 241
0.2035 242
0.2062 243
0.203 244
0.20685 245
0.20385 246
0.2069 247
0.20635 248
0.20425 249
0.2019 250
